0 0.46953125 0.55078125 0.125 0.06875
0 0.55078125 0.54375 0.0921875 0.0796875
0 0.65234375 0.54375 0.0921875 0.0515625
0 0.78046875 0.5625 0.0640625 0.0578125
0 0.903125 0.63203125 0.1453125 0.128125
0 0.26015625 0.33125 0.1 0.0390625
0 0.3640625 0.32578125 0.078125 0.0484375
0 0.4578125 0.31953125 0.0859375 0.0390625
0 0.6375 0.30078125 0.084375 0.0765625
0 0.33828125 0.153125 0.1109375 0.0453125
0 0.4515625 0.14375 0.096875 0.05
0 0.734375 0.05859375 0.0625 0.096875
0 0.17578125 0.56015625 0.0953125 0.0546875
0 0.284375 0.55703125 0.09375 0.053125
0 0.35078125 0.55390625 0.1 0.0390625