0 0.46796875 0.55 0.12265625 0.0640625
0 0.54921875 0.5453125 0.0890625 0.0765625
0 0.65078125 0.54921875 0.090625 0.0484375
0 0.778125 0.571875 0.06171875 0.05546875
0 0.8984375 0.64609375 0.140625 0.1234375
0 0.26640625 0.32265625 0.09921875 0.0359375
0 0.3703125 0.32109375 0.07734375 0.04609375
0 0.4640625 0.31796875 0.084375 0.03671875
0 0.64453125 0.30546875 0.08125 0.0734375
0 0.35078125 0.14765625 0.11015625 0.04140625
0 0.4640625 0.1421875 0.09453125 0.046875
0 0.75 0.0671875 0.05859375 0.0953125
0 0.17421875 0.5484375 0.09296875 0.05078125
0 0.2828125 0.54921875 0.09140625 0.04921875
0 0.34921875 0.5484375 0.0984375 0.03515625