0 0.53359375 0.54921875 0.125 0.06875
0 0.45234375 0.546875 0.0921875 0.0796875
0 0.35078125 0.5546875 0.0921875 0.0515625
0 0.22421875 0.58125 0.0640625 0.0578125
0 0.10703125 0.66015625 0.1453125 0.128125
0 0.72734375 0.31484375 0.1 0.0390625
0 0.6234375 0.31640625 0.078125 0.0484375
0 0.5296875 0.3171875 0.0859375 0.0390625
0 0.3484375 0.3109375 0.084375 0.0765625
0 0.63671875 0.14296875 0.1109375 0.0453125
0 0.5234375 0.14140625 0.096875 0.05
0 0.23515625 0.0765625 0.0625 0.096875
0 0.82734375 0.53671875 0.0953125 0.0546875
0 0.71875 0.54140625 0.09375 0.053125
0 0.65234375 0.54296875 0.1 0.0390625